Some((
    red: 0.18864435,
    green: 0.47899437,
    blue: 0.85868275,
))